9
22 20 29 25 17 24 28 35 30 
5
192 -1 194 444 0
139 397 52 145 0
77 499 84 240 0
141 698 49 73 0
155 731 67 69 0
192 762 710 49 0
858 761 187 73 0
1035 448 20 316 0
285 634 485 75 0
765 569 68 76 0
895 512 35 34 0
897 444 29 42 0
898 315 29 45 0
959 603 35 32 0
831 673 30 32 0
919 258 138 103 0
962 308 79 81 0
988 359 63 62 0
1024 395 29 57 0
862 216 84 80 0
896 -8 116 236 0
862 29 83 137 0
73 693 393 87 0
416 604 160 102 0
543 431 82 184 0
416 475 135 68 0
546 413 63 34 0
603 466 69 58 0
608 522 97 81 0
627 601 92 82 0
668 628 70 79 0
699 656 70 61 0
725 693 75 70 0
765 726 292 64 0
66 544 66 189 0
116 542 47 66 0
281 374 42 235 0
147 247 138 313 0
222 -4 130 135 0
263 120 52 42 0
41 -2 89 296 0
114 255 40 41 0
418 12 290 171 0
639 150 71 71 0
671 147 119 138 0
704 227 166 96 0
802 240 114 252 0
765 366 60 82 0
734 427 60 81 0
701 489 77 114 0
675 588 68 108 0
644 686 74 82 0
606 755 60 56 0
483 670 123 109 0
513 637 62 53 0
395 576 44 44 0
302 576 70 41 0
487 548 55 46 0
385 670 34 32 0
422 734 20 33 0
327 671 23 32 0
289 711 25 28 0
364 442 16 35 0
448 417 30 56 0
1 754 392 48 0
362 790 168 45 0
485 767 49 34 0
353 0 125 95 0
324 4 86 55 0
290 0 63 26 0
223 -2 110 24 0
287 660 99 391 0
293 571 92 38 0
294 225 61 347 0
354 187 30 327 0
383 279 64 102 0
33 295 58 538 0
77 257 229 157 0
83 514 104 29 0
230 511 62 31 0
87 736 205 38 0
175 701 31 37 0
991 192 63 862 0
895 292 56 39 0
914 323 37 44 0
930 558 79 152 0
931 764 72 54 0
961 693 42 81 0
926 812 87 241 0
895 800 41 34 0
864 896 71 130 0
885 861 50 45 0
896 1004 52 50 0
287 156 97 42 0
302 -4 51 186 0
990 -4 65 229 0
16 -1 110 1055 0
123 801 35 128 0
154 831 36 61 0
194 510 125 135 0
227 469 55 199 0
487 539 55 63 0
709 573 51 60 0
807 462 47 75 0
451 766 52 61 0
517 888 50 64 0
901 823 50 76 0
229 1024 118 30 0
684 251 41 57 0
902 2 52 61 0
999 309 57 144 0
1024 281 33 208 0
287 215 260 74 0
97 536 289 426 0
129 934 130 56 0
189 956 99 71 0
222 944 110 106 0
153 502 330 84 0
446 539 397 57 0
805 209 207 360 0
766 0 69 283 0
813 31 189 73 0
965 -1 71 57 0
578 96 123 131 0
607 63 61 190 0
643 350 120 131 0
681 317 47 190 0
546 353 27 122 0
486 447 19 42 0
451 355 22 36 0
486 284 20 73 0
386 416 28 45 0
322 385 24 45 0
359 281 20 48 0
136 223 48 59 0
1 291 91 185 0
87 322 40 128 0
274 473 77 581 0
349 30 131 539 0
426 68 274 108 0
640 23 125 232 0
753 1 251 91 0
930 3 124 186 0
864 237 191 39 0
895 185 159 51 0
897 266 158 41 0
803 255 27 28 0
832 321 27 26 0
864 385 29 24 0
832 450 26 28 0
796 513 38 27 0
610 514 31 27 0
577 453 32 25 0
543 388 31 34 0
581 321 22 28 0
609 258 32 28 0
671 261 29 31 0
740 256 24 29 0
705 383 33 25 0
900 901 52 31 0
926 923 21 44 0
991 534 62 518 0
1022 504 34 39 0
925 602 68 200 0
962 572 43 257 0
896 5 96 248 0
990 50 65 138 0
673 38 262 151 0
446 32 271 90 0
284 -1 178 37 0
161 11 128 177 0
154 172 40 75 0
160 240 67 63 0
198 278 69 78 0
229 324 57 74 0
259 353 57 69 0
265 411 53 66 0
225 454 70 59 0
-1 190 158 133 0
78 295 78 50 0
106 332 55 44 0
139 361 45 49 0
162 395 55 53 0
195 426 58 51 0
0 609 129 244 0
11 576 87 45 0
11 542 54 48 0
0 514 26 36 0
65 833 455 62 0
511 758 543 101 0
593 835 303 97 0
893 840 161 56 0
112 877 497 74 0
73 935 51 119 0
160 764 22 30 0
261 739 18 17 0
359 800 21 18 0
520 738 26 19 0
639 343 197 85 0
673 317 120 126 0
777 1013 62 41 0
897 928 103 98 0
937 1004 82 50 0
795 928 107 29 0
799 857 40 77 0
900 722 101 139 0
959 795 79 160 0
805 668 135 133 0
771 296 154 505 0
739 234 73 141 0
775 225 141 99 0
574 125 165 127 0
868 -1 101 225 0
807 -2 68 129 0
857 94 87 165 0
697 61 44 71 0
543 63 35 97 0
408 0 43 157 0
289 19 130 296 0
191 2 146 248 0
68 222 138 34 0
66 133 148 37 0
-1 -9 245 100 0
485 376 111 139 0
515 350 54 196 0
1 767 253 93 0
248 802 42 58 0
100 799 185 150 0
0 754 200 15 0
0 854 100 50 0
