9
9 12 7 6 10 9 8 9 10 
3
10 247 420 
10 810 683 
11 701 641 
11 964 426 
12 438 524 
12 701 125 
1 377 536 
2 970 678 
1 244 155 
10 230 755 
10 679 841 
10 554 571 
11 139 446 
11 350 579 
11 226 38 
12 547 425 
12 692 700 
1 658 769 
1 221 655 
2 273 763 
2 711 764 
10 34 851 
10 747 42 
11 407 654 
11 788 413 
11 60 322 
12 600 273 
2 619 870 
10 341 349 
11 305 804 
11 376 98 
12 399 557 
12 862 900 
2 836 351 
10 84 760 
10 959 723 
10 195 307 
11 555 550 
11 139 512 
11 981 942 
12 780 325 
12 200 773 
2 561 150 
2 964 566 
10 31 687 
10 889 719 
11 425 794 
11 109 871 
11 148 244 
12 438 157 
12 873 584 
2 79 527 
2 774 212 
10 486 424 
10 558 288 
11 379 676 
11 1006 279 
12 520 343 
1 424 380 
2 918 846 
2 683 234 
10 265 395 
10 933 335 
11 837 518 
11 147 805 
11 214 966 
12 405 275 
1 336 318 
2 784 808 
2 508 553 
10 240 1000 
10 746 276 
11 730 939 
11 71 823 
11 403 212 
11 425 642 
12 796 702 
1 864 360 
2 238 771 
2 824 523 
