9
18 39 15 12 11 20 26 21 20 
5
278 578 326 112 0
477 538 37 52 0
568 540 70 64 0
669 573 36 40 0
769 612 33 25 0
866 636 25 34 0
964 446 28 42 0
897 410 29 36 0
864 703 160 98 0
1014 736 41 60 0
670 735 218 98 0
568 672 140 78 0
284 476 69 62 0
348 472 33 30 0
237 525 54 72 0
184 507 70 34 0
169 41 52 505 0
212 -4 44 137 0
254 701 33 31 0
284 663 44 74 0
323 637 315 228 0
335 831 305 99 0
620 892 286 79 0
764 829 141 66 0
772 633 26 72 0
638 634 33 67 0
657 625 131 53 0
789 604 37 41 0
804 567 59 52 0
837 499 67 82 0
880 382 26 140 0
832 381 61 124 0
796 478 52 70 0
771 507 46 57 0
736 538 54 54 0
707 574 56 55 0
608 606 113 42 0
387 611 156 31 0
293 606 56 60 0
252 575 65 63 0
194 480 30 152 0
215 517 39 86 0
161 481 35 65 0
131 480 39 61 0
131 349 93 65 0
163 63 62 283 0
131 -3 63 196 0
801 348 33 63 0
898 346 55 167 0
929 314 126 107 0
962 282 91 49 0
997 252 57 63 0
1022 221 32 52 0
880 895 183 75 0
0 765 194 38 0
164 794 125 61 0
247 829 97 51 0
0 891 614 38 0
224 860 357 41 0
582 926 285 52 0
832 734 84 216 0
766 706 62 158 0
704 665 61 133 0
638 589 81 177 0
608 576 65 160 0
637 542 101 68 0
673 508 149 40 0
705 444 154 76 0
832 -13 81 482 0
0 290 48 124 0
0 188 49 132 0
33 -24 58 318 0
284 698 68 70 0
348 672 64 66 0
314 532 68 146 0
352 476 68 66 0
272 446 88 64 0
326 384 56 74 0
202 220 80 358 0
260 92 62 242 0
300 -4 56 236 0
320 -4 62 80 0
220 510 64 544 0
348 798 30 36 0
960 602 100 96 0
996 572 64 202 0
1020 540 36 264 0
130 610 54 444 0
166 404 56 358 0
136 320 46 158 0
94 244 60 128 0
120 192 64 112 0
144 28 76 232 0
128 0 66 100 0
94 672 38 60 0
833 861 62 193 0
868 763 97 146 0
930 349 96 437 0
896 323 69 250 0
861 250 100 290 0
830 152 124 330 0
802 -1 181 385 0
766 56 76 133 0
0 1017 138 37 0
34 767 61 261 0
92 891 32 137 0
0 736 32 98 0
2 410 60 224 0
33 387 60 126 0
72 151 58 334 0
90 -6 69 210 0
152 167 40 54 0
154 -4 45 73 0
32 128 50 62 0
69 126 45 38 0
450 477 84 60 0
577 384 62 60 0
769 165 257 92 0
1018 128 34 86 0
574 124 208 66 0
580 184 154 37 0
320 734 65 320 0
374 804 40 100 0
309 636 45 129 0
266 416 50 270 0
241 348 46 82 0
278 300 44 85 0
308 234 72 120 0
348 147 68 145 0
401 141 180 88 0
545 221 26 32 0
612 220 24 25 0
578 322 21 20 0
482 257 25 52 0
456 352 18 20 0
418 321 25 20 0
392 392 16 10 0
357 417 14 21 0
362 486 13 18 0
358 570 24 26 0
416 449 21 25 0
130 888 56 166 0
162 862 92 68 0
196 704 54 169 0
160 192 61 572 0
205 192 48 253 0
244 192 44 188 0
286 157 61 133 0
344 156 41 37 0
385 156 160 102 0
318 152 97 44 0
448 254 448 62 0
512 310 253 106 0
760 300 137 46 0
929 178 128 142 0
888 194 56 90 0
126 156 92 325 0
98 152 54 266 0
65 160 49 164 0
0 147 92 77 0
205 543 141 121 0
257 483 124 74 0
64 860 126 164 0
100 798 156 86 0
189 873 37 124 0
220 865 32 92 0
242 825 44 104 0
97 1012 94 42 0
0 66 862 118 0
449 143 446 81 0
645 220 88 97 0
717 189 184 68 0
866 212 88 105 0
902 208 121 461 0
872 544 78 126 0
829 571 78 118 0
836 629 110 220 0
801 733 57 69 0
836 784 145 270 0
800 1017 57 37 0
0 180 52 74 0
26 173 41 49 0
